0.1523367
0.2034934
0.09400665
0.2071141
0.527166
0.2648893
0.1817481
0.3879868
0.3910309
0.1850785
0.3726547
0.4119529
0.7914586
0.5073211
1.176675
0.34781
0.2563419
0.3798786
0.3865386
0.5155582
1.73508
0.3811392
0.03313139
0.5850019
1.156623
1.108922
0.5674875
0.07212104
1.847461
0.7258692
0.02526505
0.1604044
0.4269419
0.1633668
1.113009
0.02923117
0.1743163
0.3274126
0.09364466
0.1837407
0.001250741
0.6188145
0.4544507
0.1731852
1.296507
1.254426
1.688522
0.1950724
0.7056916
0.1202891
0.649579
0.3073548
0.2838873
0.6143071
1.280889
1.00949
0.2750235
1.228121
0.2407876
0.4254846
0.2714867
0.266025
0.2680062
0.2467793
0.15608
0.4910963
0.7771608
0.3561566
0.6741837
0.6488977
0.5395494
0.0933205
0.02442078
0.928493
0.6018719
0.0333361
0.1629999
1.129516
0.3723512
0.01364443
0.7420244
0.2304054
0.6316242
0.3439386
0.9420514
0.25383
0.249623
1.991195
0.04533066
1.077058
0.02541631
0.2890595
0.2604935
0.2754339
0.6214037
0.6709396
1.372365
0.1919839
0.633874
0.2468758
0.723047
0.01777545
0.2442598
1.192832
0.276978
0.7319529
0.1896406
0.6884452
0.7568283
1.138568
1.991186
0.3983193
0.1609481
0.9010024
1.211576
0.1087594
0.3805508
0.06651673
0.1667612
0.6068906
1.278115
0.1979847
0.2596704
0.7788726
0.110494
0.6335687
1.145705
0.03769828
1.709272
0.0664105
1.215996
0.2726145
0.74503
0.05700286
0.5121271
0.1686551
0.114133
0.005607768
0.17083
1.090089
1.163162
0.0815835
0.6974227
0.3026993
0.1285454
0.3610698
1.517876
0.3835017
0.4931339
0.2857221
0.009848304
0.138835
0.5385513
0.009671322
0.09599895
0.1479399
0.5747105
1.809913
0.09317363
1.322758
1.097098
0.2097485
0.7796155
0.3496571
0.7792812
0.07303393
0.9920165
0.7382448
0.7993286
0.1173042
0.1142614
0.214069
1.283868
0.7995435
0.04688313
2.00777
0.8550555
0.2929357
0.8700495
0.2451496
0.6480964
0.6931603
0.6819368
0.5410432
1.541227
0.05896358
0.2059273
0.7266101
0.9197814
0.268254
